<Hierarchy>:
	<Frame>: 0 missile
		<Transform>: 0 0 0 0 0 28.31 0.05 0.05 0.05 0 0 0.2445459 0.9696378  
		<TransformMatrix>: 0.04401973 0.02371209 0 0 -0.02371209 0.04401973 0 0 0 0 0.05 0 0 0 0 1  
		<Children>: 3
			<Frame>: 1 missile
				<Transform>: 0 0 0 89.98022 0 0 0.4 0.4 0.4 0.7071068 0 0 0.7071067  
				<TransformMatrix>: 0.4 0 0 0 0 -4.768372E-08 0.4 0 0 -0.4 -4.768372E-08 0 0 0 0 1  
				<Mesh>: 680 missile
					<Bounds>: 0 84.2556 0 32.3225 84.2556 32.3225
					<Positions>: 680 0 9.0702 -12.792 -1.0548 9.0702 -11.7174 -0.5824 9.0702 -12.033 -12.792 9.0702 0 -11.7174 9.0702 1.0548 -12.033 9.0702 0.5824 12.792 9.0702 0 11.7174 9.0702 -1.0548 12.033 9.0702 -0.5824 -0.465 44.245 -11.795 0 44.245 -12.6017 0.5586 44.245 -12.0127 -0.465 44.245 -11.795 0.465 44.245 -11.795 -0.5586 44.245 -12.0127 0 44.245 -12.6017 -0.465 44.245 -11.795 -4.1533 165.1759 7.1937 0 167.6462 4.4755 -2.2378 167.6462 3.8759 0 165.1759 8.3065 -5.4706 161.4561 9.4753 2.2378 167.6462 3.8759 0 161.4561 10.9411 -6 157.0224 10.3923 4.1533 165.1759 7.1936 3.8759 167.6462 2.2378 7.1937 165.1759 4.1533 4.4755 167.6462 0 5.4706 161.4561 9.4753 0 157.0224 12 8.3065 165.1759 0 3.8759 167.6462 -2.2378 0 54.0353 12 -6 54.0353 10.3923 6 54.0353 10.3923 6 157.0224 10.3923 10.3923 54.0353 6 9.4753 161.4561 5.4706 10.3923 157.0224 6 12 54.0353 0 7.1937 165.1759 -4.1533 2.2378 167.6462 -3.8759 10.9411 161.4561 0 12 157.0224 0 10.3923 54.0353 -6 4.1533 165.1759 -7.1937 0 167.6462 -4.4755 9.4753 161.4561 -5.4706 10.3923 157.0224 -6 6 54.0353 -10.3923 0 165.1759 -8.3065 -2.2378 167.6462 -3.8759 5.4706 161.4561 -9.4753 6 157.0224 -10.3923 0 54.0353 -12 -4.1533 165.1759 -7.1937 -3.8759 167.6462 -2.2378 0 161.4561 -10.9411 0 157.0224 -12 -6 54.0353 -10.3923 -7.1937 165.1759 -4.1533 -4.4755 167.6462 0 -5.4706 161.4561 -9.4753 -6 157.0224 -10.3923 -10.3923 54.0353 -6 -8.3065 165.1759 0 -3.8759 167.6462 2.2378 -9.4753 161.4561 -5.4706 -10.3923 157.0224 -6 -12 54.0353 0 -7.1936 165.1759 4.1533 -2.2378 167.6462 3.8759 -4.1533 165.1759 7.1937 -10.9411 161.4561 0 -12 157.0224 0 -10.3923 54.0353 6 -9.4753 161.4561 5.4706 -5.4706 161.4561 9.4753 -10.3923 157.0224 6 -6 54.0353 10.3923 -6 157.0224 10.3923 -13 44.6433 0 -13 53.6371 0 -11.2583 53.6371 -6.5 -11.2583 44.6433 -6.5 -6.5 53.6371 -11.2583 -6.5 44.6433 -11.2583 11.2583 44.6433 -6.5 11.2583 53.6371 -6.5 13 53.6371 0 13 44.6433 0 11.2583 53.6371 6.5 11.2583 44.6433 6.5 -6.5 44.6433 11.2583 -6.5 53.6371 11.2583 -11.2583 53.6371 6.5 -11.2583 44.6433 6.5 -9.6566 16.9493 5.5753 0 16.9493 11.1505 -5.5753 16.9493 9.6566 -9.6566 16.9493 -5.5753 -11.1505 16.9493 0 9.6566 16.9493 -5.5753 9.6566 16.9493 5.5753 5.5753 16.9493 9.6566 11.1505 16.9493 0 0 16.9493 -11.1505 5.5753 16.9493 -9.6566 -5.5753 16.9493 -9.6566 -11.7174 44.245 -1.0548 -10.3923 44.245 -6 -11.795 43.945 -0.765 -11.7174 9.0702 -1.0548 -11.795 9.3702 -0.765 -12.033 9.0702 -0.5824 -11.795 9.0702 -0.465 -10.3923 9.0702 -6 -6 44.245 -10.3923 -6 9.0702 -10.3923 -1.0548 44.245 -11.7174 -0.765 9.3702 -11.795 -0.765 43.945 -11.795 -1.0548 9.0702 -11.7174 -0.5824 9.0702 -12.033 -0.465 9.0702 -11.795 -6.5 0 -11.2583 0 7.4453 -13 0 0 -13 -6.5 7.4453 -11.2583 -11.2583 0 -6.5 -1.0548 9.0702 -11.7174 0 9.0702 -12.792 -6 9.0702 -10.3923 -11.2583 7.4453 -6.5 -13 0 0 -13 7.4453 0 -10.3923 9.0702 -6 -12.792 9.0702 0 -12.033 9.0702 -0.5824 -11.7174 9.0702 -1.0548 -6.5 0 11.2583 -6.5 7.4453 11.2583 -11.2583 7.4453 6.5 -11.2583 0 6.5 11.795 9.0702 -0.465 11.795 9.0702 0.465 12.033 9.0702 -0.5824 12.792 9.0702 0 12.033 9.0702 0.5824 11.795 9.0702 0.465 11.7174 9.0702 1.0548 11.795 9.3702 0.765 11.795 43.945 0.765 10.3923 44.245 6 11.7174 44.245 1.0548 10.3923 9.0702 6 6 44.245 10.3923 6 9.0702 10.3923 1.0548 44.245 11.7174 0.765 9.3702 11.795 1.0548 9.0702 11.7174 0.765 43.945 11.795 0.465 9.0702 11.795 -0.465 9.0702 11.795 0.5824 9.0702 12.033 0 9.0702 12.792 -0.5824 9.0702 12.033 -0.465 9.0702 11.795 -1.0548 9.0702 11.7174 -0.765 9.3702 11.795 -0.765 43.945 11.795 -6 44.245 10.3923 -1.0548 44.245 11.7174 -6 9.0702 10.3923 -10.3923 44.245 6 -10.3923 9.0702 6 -11.7174 44.245 1.0548 -11.795 9.3702 0.765 -11.795 43.945 0.765 -11.7174 9.0702 1.0548 -11.795 9.0702 0.465 -12.033 9.0702 0.5824 -11.795 9.0702 0.465 -11.795 9.0702 -0.465 -12.792 9.0702 0 -12.033 9.0702 -0.5824 -32.3225 34.9825 -0.0621 -32.3225 12.7092 -0.0621 -32.3225 12.7092 0.0621 -32.3225 34.9825 0.0621 -0.0621 12.7092 -32.3225 -0.0621 34.9825 -32.3225 0.0621 34.9825 -32.3225 0.0621 12.7092 -32.3225 32.3225 12.7092 -0.0621 32.3225 34.9825 -0.0621 32.3225 34.9825 0.0621 32.3225 12.7092 0.0621 0.0621 12.7092 32.3225 0.0621 34.9825 32.3225 -0.0621 34.9825 32.3225 -0.0621 12.7092 32.3225 -11.795 43.945 0.765 -32.0226 34.7887 0.368 -32.0226 12.9607 0.368 -11.795 9.3702 0.765 0.765 9.3702 -11.795 0.368 12.9607 -32.0226 0.368 34.7887 -32.0226 0.765 43.945 -11.795 11.795 43.945 -0.765 32.0226 34.7887 -0.368 32.0226 12.9607 -0.368 11.795 9.3702 -0.765 11.795 9.3702 0.765 32.0226 12.9607 0.368 32.0226 34.7887 0.368 11.795 43.945 0.765 0.765 43.945 11.795 0.368 34.7887 32.0226 0.368 12.9607 32.0226 0.765 9.3702 11.795 -0.765 9.3702 11.795 -0.368 12.9607 32.0226 -0.368 34.7887 32.0226 -0.765 43.945 11.795 -6.5 44.6433 -11.2583 -6.5 53.6371 -11.2583 0 53.6371 -13 0 44.6433 -13 6.5 53.6371 -11.2583 6.5 44.6433 -11.2583 11.2583 53.6371 -6.5 11.2583 44.6433 -6.5 11.2583 44.6433 6.5 11.2583 53.6371 6.5 6.5 53.6371 11.2583 6.5 44.6433 11.2583 0 53.6371 13 0 44.6433 13 0 44.6433 13 0 53.6371 13 -6.5 53.6371 11.2583 -6.5 44.6433 11.2583 -11.2583 44.6433 6.5 -11.2583 53.6371 6.5 -13 53.6371 0 -13 44.6433 0 1.0548 44.245 -11.7174 6 44.245 -10.3923 0.765 43.945 -11.795 1.0548 9.0702 -11.7174 0.765 9.3702 -11.795 0.465 9.0702 -11.795 0.5824 9.0702 -12.033 6 9.0702 -10.3923 10.3923 44.245 -6 10.3923 9.0702 -6 11.7174 44.245 -1.0548 11.795 9.3702 -0.765 11.795 43.945 -0.765 11.7174 9.0702 -1.0548 12.033 9.0702 -0.5824 11.795 9.0702 -0.465 0 9.0702 -12.792 0.465 9.0702 -11.795 -0.5824 9.0702 -12.033 -0.465 9.0702 -11.795 -6 54.0353 10.3923 0 54.0353 12.6017 0 54.0353 12 -6.3009 54.0353 10.9134 -10.3923 54.0353 6 -10.9134 54.0353 6.3009 -12 54.0353 0 -12.6017 54.0353 0 -10.3923 54.0353 -6 -10.9134 54.0353 -6.3009 -6 54.0353 -10.3923 -6.3009 54.0353 -10.9134 0 54.0353 -12 0 54.0353 -12.6017 6 54.0353 -10.3923 6.3009 54.0353 -10.9134 10.3923 54.0353 -6 10.9134 54.0353 -6.3009 12 54.0353 0 12.6017 54.0353 0 10.3923 54.0353 6 10.9134 54.0353 6.3009 6 54.0353 10.3923 6.3009 54.0353 10.9134 0 54.0353 12 0 54.0353 12.6017 6.5 0 11.2583 0 7.4453 13 0 0 13 6.5 7.4453 11.2583 11.2583 0 6.5 1.0548 9.0702 11.7174 0 9.0702 12.792 0.5824 9.0702 12.033 6 9.0702 10.3923 11.2583 7.4453 6.5 13 0 0 10.3923 9.0702 6 13 7.4453 0 11.2583 0 -6.5 11.2583 7.4453 -6.5 6.5 0 -11.2583 6.5 7.4453 -11.2583 0 0 -13 0 7.4453 -13 6 9.0702 -10.3923 0 9.0702 -12.792 0.5824 9.0702 -12.033 1.0548 9.0702 -11.7174 10.3923 9.0702 -6 11.7174 9.0702 -1.0548 12.792 9.0702 0 12.033 9.0702 0.5824 11.7174 9.0702 1.0548 0 0 13 -6.5 7.4453 11.2583 -6.5 0 11.2583 0 7.4453 13 -6 9.0702 10.3923 0 9.0702 12.792 -0.5824 9.0702 12.033 -1.0548 9.0702 11.7174 -10.3923 9.0702 6 -11.2583 7.4453 6.5 -11.7174 9.0702 1.0548 -13 7.4453 0 -12.792 9.0702 0 -11.2583 0 6.5 -13 0 0 -9.6566 0 -5.5753 -11.1505 16.9493 0 -11.1505 0 0 -9.6566 16.9493 -5.5753 -5.5753 0 -9.6566 -5.5753 16.9493 -9.6566 -11.795 9.3702 -0.765 -32.0226 12.9607 -0.368 -32.0226 34.7887 -0.368 -11.795 43.945 -0.765 -11.795 44.245 -0.465 -32.3225 34.9825 -0.0621 -32.3225 34.9825 0.0621 -11.795 44.245 0.465 -0.765 43.945 -11.795 -0.368 34.7887 -32.0226 -0.368 12.9607 -32.0226 -0.765 9.3702 -11.795 0.465 44.245 -11.795 0.0621 34.9825 -32.3225 -0.0621 34.9825 -32.3225 -0.465 44.245 -11.795 11.795 44.245 0.465 32.3225 34.9825 0.0621 32.3225 34.9825 -0.0621 11.795 44.245 -0.465 -0.465 44.245 11.795 -0.0621 34.9825 32.3225 0.0621 34.9825 32.3225 0.465 44.245 11.795 0.765 9.3702 11.795 0.465 9.0702 11.795 0.5824 9.0702 12.033 1.0548 9.0702 11.7174 -6 44.245 -10.3923 -0.5586 44.245 -12.0127 -1.0548 44.245 -11.7174 0 44.245 -12.6017 -6.3009 44.245 -10.9134 -10.3923 44.245 -6 -10.9134 44.245 -6.3009 -11.7174 44.245 -1.0548 -12.6017 44.245 0 -12.0127 44.245 -0.5586 -11.795 44.245 -0.465 -11.795 44.245 0.465 -12.6017 44.245 0 -12.0127 44.245 0.5586 -10.3923 44.245 6 -11.7174 44.245 1.0548 -10.9134 44.245 6.3009 -6 44.245 10.3923 -6.3009 44.245 10.9134 -1.0548 44.245 11.7174 0 44.245 12.6017 -0.5586 44.245 12.0127 0.465 44.245 11.795 -0.465 44.245 11.795 0 44.245 12.6017 0.5586 44.245 12.0127 0 44.245 -12.6017 1.0548 44.245 -11.7174 0.5586 44.245 -12.0127 6.3009 44.245 -10.9134 6 44.245 -10.3923 10.9134 44.245 -6.3009 10.3923 44.245 -6 12.6017 44.245 0 12.0127 44.245 -0.5586 11.7174 44.245 -1.0548 11.795 44.245 -0.465 12.0127 44.245 0.5586 11.795 44.245 0.465 11.7174 44.245 1.0548 10.9134 44.245 6.3009 10.3923 44.245 6 6.3009 44.245 10.9134 6 44.245 10.3923 0 44.245 12.6017 0.5586 44.245 12.0127 1.0548 44.245 11.7174 -6.5 53.6371 11.2583 0 53.6371 13 0 54.0353 12.6017 -6.3009 54.0353 10.9134 -11.2583 53.6371 6.5 -10.9134 54.0353 6.3009 -13 53.6371 0 -12.6017 54.0353 0 -11.2583 53.6371 -6.5 -10.9134 54.0353 -6.3009 -6.5 53.6371 -11.2583 -6.3009 54.0353 -10.9134 0 53.6371 -13 0 54.0353 -12.6017 6.5 53.6371 -11.2583 6.3009 54.0353 -10.9134 11.2583 53.6371 -6.5 10.9134 54.0353 -6.3009 13 53.6371 0 12.6017 54.0353 0 11.2583 53.6371 6.5 10.9134 54.0353 6.3009 6.5 53.6371 11.2583 6.3009 54.0353 10.9134 0 53.6371 13 0 54.0353 12.6017 5.5753 0 9.6566 0 0 13 0 0 11.1505 6.5 0 11.2583 9.6566 0 5.5753 11.2583 0 6.5 11.1505 0 0 13 0 0 9.6566 0 -5.5753 11.2583 0 -6.5 5.5753 0 -9.6566 6.5 0 -11.2583 0 0 -11.1505 0 0 -13 -5.5753 0 -9.6566 -6.5 0 -11.2583 -9.6566 0 -5.5753 -11.2583 0 -6.5 -11.1505 0 0 -13 0 0 -9.6566 0 5.5753 -11.2583 0 6.5 -5.5753 0 9.6566 -6.5 0 11.2583 0 0 11.1505 0 0 13 11.795 9.0702 -0.465 32.3225 12.7092 -0.0621 32.3225 12.7092 0.0621 11.795 9.0702 0.465 0.465 9.0702 11.795 0.0621 12.7092 32.3225 -0.0621 12.7092 32.3225 -0.465 9.0702 11.795 -32.3225 12.7092 -0.0621 -32.3225 34.9825 -0.0621 -32.0226 34.7887 -0.368 -32.0226 12.9607 -0.368 -32.3225 34.9825 0.0621 -32.3225 12.7092 0.0621 -32.0226 12.9607 0.368 -32.0226 34.7887 0.368 -0.0621 34.9825 -32.3225 -0.0621 12.7092 -32.3225 -0.368 12.9607 -32.0226 -0.368 34.7887 -32.0226 0.0621 12.7092 -32.3225 0.0621 34.9825 -32.3225 0.368 34.7887 -32.0226 0.368 12.9607 -32.0226 6.5 44.6433 11.2583 0 44.6433 13 0 44.245 12.6017 6.3009 44.245 10.9134 11.2583 44.6433 6.5 10.9134 44.245 6.3009 13 44.6433 0 12.6017 44.245 0 11.2583 44.6433 -6.5 10.9134 44.245 -6.3009 6.5 44.6433 -11.2583 6.3009 44.245 -10.9134 0 44.6433 -13 0 44.245 -12.6017 -6.5 44.6433 -11.2583 -6.3009 44.245 -10.9134 -11.2583 44.6433 -6.5 -10.9134 44.245 -6.3009 -13 44.6433 0 -12.6017 44.245 0 -11.2583 44.6433 6.5 -10.9134 44.245 6.3009 -6.5 44.6433 11.2583 -6.3009 44.245 10.9134 0 44.6433 13 0 44.245 12.6017 -11.1505 0 0 -11.1505 16.9493 0 -9.6566 16.9493 5.5753 -9.6566 0 5.5753 -11.795 9.0702 0.465 -32.3225 12.7092 0.0621 -32.3225 12.7092 -0.0621 -11.795 9.0702 -0.465 -0.465 9.0702 -11.795 -0.0621 12.7092 -32.3225 0.0621 12.7092 -32.3225 0.465 9.0702 -11.795 -0.465 44.245 11.795 -0.5586 44.245 12.0127 -1.0548 44.245 11.7174 -0.765 43.945 11.795 -0.0621 12.7092 32.3225 -0.0621 34.9825 32.3225 -0.368 34.7887 32.0226 -0.368 12.9607 32.0226 1.0548 44.245 11.7174 0.5586 44.245 12.0127 0.465 44.245 11.795 0.765 43.945 11.795 0.0621 34.9825 32.3225 0.0621 12.7092 32.3225 0.368 12.9607 32.0226 0.368 34.7887 32.0226 -11.7174 44.245 -1.0548 -11.795 43.945 -0.765 -11.795 44.245 -0.465 -12.0127 44.245 -0.5586 -11.795 44.245 0.465 -11.795 43.945 0.765 -11.7174 44.245 1.0548 -12.0127 44.245 0.5586 -1.0548 44.245 -11.7174 -0.5586 44.245 -12.0127 -0.465 44.245 -11.795 -0.765 43.945 -11.795 0.465 44.245 -11.795 0.5586 44.245 -12.0127 1.0548 44.245 -11.7174 0.765 43.945 -11.795 11.7174 44.245 -1.0548 12.0127 44.245 -0.5586 11.795 44.245 -0.465 11.795 43.945 -0.765 11.795 44.245 0.465 12.0127 44.245 0.5586 11.7174 44.245 1.0548 11.795 43.945 0.765 32.3225 34.9825 -0.0621 32.3225 12.7092 -0.0621 32.0226 12.9607 -0.368 32.0226 34.7887 -0.368 32.3225 12.7092 0.0621 32.3225 34.9825 0.0621 32.0226 34.7887 0.368 32.0226 12.9607 0.368 -9.6566 0 5.5753 -9.6566 16.9493 5.5753 -5.5753 16.9493 9.6566 -5.5753 0 9.6566 0 16.9493 11.1505 0 0 11.1505 0 0 11.1505 0 16.9493 11.1505 5.5753 16.9493 9.6566 5.5753 0 9.6566 9.6566 16.9493 5.5753 9.6566 0 5.5753 11.1505 16.9493 0 11.1505 0 0 9.6566 16.9493 -5.5753 9.6566 0 -5.5753 5.5753 16.9493 -9.6566 5.5753 0 -9.6566 0 16.9493 -11.1505 0 0 -11.1505 -5.5753 16.9493 -9.6566 -5.5753 0 -9.6566 -0.465 9.0702 11.795 -0.0621 12.7092 32.3225 -0.368 12.9607 32.0226 -0.765 9.3702 11.795 -0.765 43.945 11.795 -0.368 34.7887 32.0226 -0.0621 34.9825 32.3225 -0.465 44.245 11.795 0.465 44.245 11.795 0.0621 34.9825 32.3225 0.368 34.7887 32.0226 0.765 43.945 11.795 0.765 9.3702 11.795 0.368 12.9607 32.0226 0.0621 12.7092 32.3225 0.465 9.0702 11.795 -11.795 9.0702 -0.465 -32.3225 12.7092 -0.0621 -32.0226 12.9607 -0.368 -11.795 9.3702 -0.765 -11.795 43.945 -0.765 -32.0226 34.7887 -0.368 -32.3225 34.9825 -0.0621 -11.795 44.245 -0.465 -11.795 44.245 0.465 -32.3225 34.9825 0.0621 -32.0226 34.7887 0.368 -11.795 43.945 0.765 -11.795 9.3702 0.765 -32.0226 12.9607 0.368 -32.3225 12.7092 0.0621 -11.795 9.0702 0.465 -0.465 44.245 -11.795 -0.0621 34.9825 -32.3225 -0.368 34.7887 -32.0226 -0.765 43.945 -11.795 -0.765 9.3702 -11.795 -0.368 12.9607 -32.0226 -0.0621 12.7092 -32.3225 -0.465 9.0702 -11.795 0.465 9.0702 -11.795 0.0621 12.7092 -32.3225 0.368 12.9607 -32.0226 0.765 9.3702 -11.795 0.765 43.945 -11.795 0.368 34.7887 -32.0226 0.0621 34.9825 -32.3225 0.465 44.245 -11.795 11.795 44.245 -0.465 32.3225 34.9825 -0.0621 32.0226 34.7887 -0.368 11.795 43.945 -0.765 11.795 9.3702 -0.765 32.0226 12.9607 -0.368 32.3225 12.7092 -0.0621 11.795 9.0702 -0.465 11.795 9.0702 0.465 32.3225 12.7092 0.0621 32.0226 12.9607 0.368 11.795 9.3702 0.765 11.795 43.945 0.765 32.0226 34.7887 0.368 32.3225 34.9825 0.0621 11.795 44.245 0.465 0 168.5112 0 -3.8759 167.6462 2.2378 -2.2378 167.6462 3.8759 0 167.6462 4.4755 -4.4755 167.6462 0 2.2378 167.6462 3.8759 -3.8759 167.6462 -2.2378 3.8759 167.6462 2.2378 -2.2378 167.6462 -3.8759 4.4755 167.6462 0 0 167.6462 -4.4755 3.8759 167.6462 -2.2378 2.2378 167.6462 -3.8759  
					<Colors>: 0  
					<Normals>: 680 -0.7043024 0.1610005 -0.6914024 -0.3527953 0.2781963 -0.8933881 0.0967033 0.9596327 -0.264109 -0.6913013 0.1610003 0.7044014 -0.9094449 0.2937822 0.2942822 0 1 0 0.9166994 0.3446998 -0.2020999 0.8933632 0.2782885 -0.3527855 0.264109 0.9596327 0.0967033 0 -1 0 0 -1 0 0 -1 0 0 -1 0 0 -1 0 0 -1 0 0 -1 0 0 -1 0 -0.3536182 0.7069365 0.6125316 0 0.9168696 0.3991868 -0.1995946 0.9168751 0.3456906 0 0.7069067 0.7073067 -0.4580064 0.4013056 0.7932111 0.1995946 0.9168751 0.3456906 0 0.4013172 0.9159392 -0.4966985 0.1147997 0.8602974 0.3536182 0.7069365 0.6125316 0.3456906 0.9168751 0.1995946 0.6125316 0.7069365 0.3536182 0.3991868 0.9168696 0 0.4580064 0.4013056 0.7932111 0 0.1147987 0.9933888 0.7073067 0.7069067 0 0.3456906 0.9168751 -0.1995946 0 0 1 -0.500011 0 0.8660191 0.500011 0 0.8660191 0.4966985 0.1147997 0.8602974 0.8660191 0 0.500011 0.7932111 0.4013056 0.4580064 0.8602974 0.1147997 0.4966985 1 0 0 0.6125316 0.7069365 -0.3536182 0.1995946 0.9168751 -0.3456906 0.9159392 0.4013172 0 0.9933888 0.1147987 0 0.8660191 0 -0.500011 0.3536182 0.7069365 -0.6125316 0 0.9168696 -0.3991868 0.7932111 0.4013056 -0.4580064 0.8602974 0.1147997 -0.4966985 0.500011 0 -0.8660191 0 0.7069067 -0.7073067 -0.1995946 0.9168751 -0.3456906 0.4580064 0.4013056 -0.7932111 0.4966985 0.1147997 -0.8602974 0 0 -1 -0.3536182 0.7069365 -0.6125316 -0.3456906 0.9168751 -0.1995946 0 0.4013172 -0.9159392 0 0.1147987 -0.9933888 -0.500011 0 -0.8660191 -0.6125316 0.7069365 -0.3536182 -0.3991868 0.9168696 0 -0.4580064 0.4013056 -0.7932111 -0.4966985 0.1147997 -0.8602974 -0.8660191 0 -0.500011 -0.7073067 0.7069067 0 -0.3456906 0.9168751 0.1995946 -0.7932111 0.4013056 -0.4580064 -0.8602974 0.1147997 -0.4966985 -1 0 0 -0.6125316 0.7069365 0.3536182 -0.1995946 0.9168751 0.3456906 -0.3536182 0.7069365 0.6125316 -0.9159392 0.4013172 0 -0.9933888 0.1147987 0 -0.8660191 0 0.500011 -0.7932111 0.4013056 0.4580064 -0.4580064 0.4013056 0.7932111 -0.8602974 0.1147997 0.4966985 -0.500011 0 0.8660191 -0.4966985 0.1147997 0.8602974 -0.9659289 0 -0.2588077 -0.9659289 0 -0.2588077 -0.8660191 0 -0.500011 -0.8660191 0 -0.500011 -0.7071068 0 -0.7071068 -0.7071068 0 -0.7071068 0.9659289 0 -0.2588077 0.9659289 0 -0.2588077 1 0 0 1 0 0 0.9659289 0 0.2588077 0.9659289 0 0.2588077 -0.7071068 0 0.7071068 -0.7071068 0 0.7071068 -0.7071068 0 0.7071068 -0.7071068 0 0.7071068 0 -1 0 0 -1 0 0 -1 0 0 -1 0 0 -1 0 0 -1 0 0 -1 0 0 -1 0 0 -1 0 0 -1 0 0 -1 0 0 -1 0 -0.9659289 0 -0.2588077 -0.8660191 0 -0.500011 -0.9659289 0 -0.2588077 -0.6711037 0.7013038 -0.2404013 -0.94202 0.2257048 -0.2483053 -0.264109 0.9596327 0.0967033 -0.329286 0.6676716 0.6676716 -0.8277766 0.2849919 -0.4832863 -0.500011 0 -0.8660191 -0.479309 0.2849053 -0.8301156 -0.2588077 0 -0.9659289 -0.2483053 0.2257048 -0.94202 -0.2588077 0 -0.9659289 -0.3527953 0.2781963 -0.8933881 0.0967033 0.9596327 -0.264109 0.6676716 0.6676716 -0.329286 -0.500011 0 -0.8660191 -0.3649128 0.1792063 -0.9136322 -0.2588077 0 -0.9659289 -0.4826219 0.2613118 -0.8359379 -0.8660191 0 -0.500011 -0.3527953 0.2781963 -0.8933881 -0.7043024 0.1610005 -0.6914024 -0.479309 0.2849053 -0.8301156 -0.8359379 0.2613118 -0.4826219 -0.9659289 0 -0.2588077 -0.94779 0.095699 -0.3041968 -0.8277766 0.2849919 -0.4832863 -0.8460045 0.4121022 -0.3383018 -0.264109 0.9596327 0.0967033 -0.6711037 0.7013038 -0.2404013 -0.7071068 0 0.7071068 -0.7071068 0 0.7071068 -0.7071068 0 0.7071068 -0.7071068 0 0.7071068 0 1 0 0 1 0 0 1 0 0 1 0 0 1 0 0.5631277 0.8230405 0.07410365 0.6852042 0.7106044 0.159801 0.9767231 -0.05160122 0.2082049 0.9659289 0 0.2588077 0.8660191 0 0.500011 0.9659289 0 0.2588077 0.8277766 0.2849919 0.4832863 0.500011 0 0.8660191 0.479309 0.2849053 0.8301156 0.2588077 0 0.9659289 0.2483053 0.2257048 0.94202 0.3527855 0.2782885 0.8933632 0.2588077 0 0.9659289 0 1 0 0 1 0 0 1 0 0 1 0 0 1 0 -0.07409756 0.8230728 0.5630814 -0.159801 0.7106044 0.6852042 -0.2082049 -0.05160122 0.9767231 -0.2588077 0 0.9659289 -0.500011 0 0.8660191 -0.2588077 0 0.9659289 -0.4832863 0.2849919 0.8277766 -0.8660191 0 0.500011 -0.8301156 0.2849053 0.479309 -0.9659289 0 0.2588077 -0.9767231 -0.05160122 0.2082049 -0.9659289 0 0.2588077 -0.9094449 0.2937822 0.2942822 -0.5631277 0.8230405 0.07410365 0 1 0 0 1 0 0 1 0 0 1 0 0 1 0 -1 0 0 -1 0 0 -1 0 0 -1 0 0 0 0 -1 0 0 -1 0 0 -1 0 0 -1 1 0 0 1 0 0 1 0 0 1 0 0 0 0 1 0 0 1 0 0 1 0 0 1 -0.01960015 0 0.9998079 -0.01960015 0 0.9998079 -0.01960015 0 0.9998079 -0.01960015 0 0.9998079 0.9998079 0 -0.01960015 0.9998079 0 -0.01960015 0.9998079 0 -0.01960015 0.9998079 0 -0.01960015 0.01960015 0 -0.9998079 0.01960015 0 -0.9998079 0.01960015 0 -0.9998079 0.01960015 0 -0.9998079 0.01960015 0 0.9998079 0.01960015 0 0.9998079 0.01960015 0 0.9998079 0.01960015 0 0.9998079 0.9998079 0 0.01960015 0.9998079 0 0.01960015 0.9998079 0 0.01960015 0.9998079 0 0.01960015 -0.9998079 0 0.01960015 -0.9998079 0 0.01960015 -0.9998079 0 0.01960015 -0.9998079 0 0.01960015 -0.2588077 0 -0.9659289 -0.2588077 0 -0.9659289 0 0 -1 0 0 -1 0.500011 0 -0.8660191 0.500011 0 -0.8660191 0.7071068 0 -0.7071068 0.7071068 0 -0.7071068 0.7071068 0 0.7071068 0.7071068 0 0.7071068 0.500011 0 0.8660191 0.500011 0 0.8660191 0 0 1 0 0 1 0 0 1 0 0 1 -0.2588077 0 0.9659289 -0.2588077 0 0.9659289 -0.9659289 0 0.2588077 -0.9659289 0 0.2588077 -0.9659289 0 0.2588077 -0.9659289 0 0.2588077 0.2588077 0 -0.9659289 0.500011 0 -0.8660191 0.2588077 0 -0.9659289 0.159801 0.7106044 -0.6852042 0.2082049 -0.05160122 -0.9767231 0.07410365 0.8230405 -0.5631277 0 1 0 0.4832863 0.2849919 -0.8277766 0.8660191 0 -0.500011 0.8301156 0.2849053 -0.479309 0.9659289 0 -0.2588077 0.94202 0.2257048 -0.2483053 0.9659289 0 -0.2588077 0.8933632 0.2782885 -0.3527855 0.264109 0.9596327 0.0967033 0.329286 0.6676716 0.6676716 0 1 0 0 1 0 0 1 0 0 1 0 0 1 0 0 1 0 0 1 0 0 1 0 0 1 0 0 1 0 0 1 0 0 1 0 0 1 0 0 1 0 0 1 0 0 1 0 0 1 0 0 1 0 0 1 0 0 1 0 0 1 0 0 1 0 0 1 0 0 1 0 0 1 0 0 1 0 0 1 0 0 1 0 0 1 0 0 1 0 0.500011 0 0.8660191 0.0302985 0.1457928 0.9888511 0 0 1 0.4826219 0.2613118 0.8359379 0.8660191 0 0.500011 0.3527855 0.2782885 0.8933632 0.2020999 0.3446998 0.9166994 -0.0967033 0.9596327 0.264109 0.479309 0.2849053 0.8301156 0.8359379 0.2613118 0.4826219 1 0 0 0.8277766 0.2849919 0.4832863 0.9888511 0.1457928 -0.0302985 0.8660191 0 -0.500011 0.8359379 0.2613118 -0.4826219 0.500011 0 -0.8660191 0.4826219 0.2613118 -0.8359379 0.2588077 0 -0.9659289 0.3042876 0.09569609 -0.9477612 0.4832863 0.2849919 -0.8277766 0.3382879 0.4121852 -0.8459697 0 1 0 0.159801 0.7106044 -0.6852042 0.8301156 0.2849053 -0.479309 0.8933632 0.2782885 -0.3527855 0.9166994 0.3446998 -0.2020999 0 1 0 0.6852042 0.7106044 0.159801 0 0 1 -0.3816782 0.35028 0.8553512 -0.2588077 0 0.9659289 0.0302985 0.1457928 0.9888511 -0.4832863 0.2849919 0.8277766 0.2020999 0.3446998 0.9166994 0 1 0 -0.159801 0.7106044 0.6852042 -0.8301156 0.2849053 0.479309 -0.8553243 0.35031 0.3817109 -0.9094449 0.2937822 0.2942822 -0.9136322 0.1792063 0.3649128 -0.6913013 0.1610003 0.7044014 -0.9659289 0 0.2588077 -0.9659289 0 0.2588077 0.8660191 0 0.500011 0.9659289 0 0.2588077 0.9659289 0 0.2588077 0.8660191 0 0.500011 0.7071068 0 0.7071068 0.7071068 0 0.7071068 -0.01960015 0 -0.9998079 -0.01960015 0 -0.9998079 -0.01960015 0 -0.9998079 -0.01960015 0 -0.9998079 -0.4113 0.9115 0 -0.4113 0.9115 0 -0.4113 0.9115 0 -0.4113 0.9115 0 -0.9998079 0 -0.01960015 -0.9998079 0 -0.01960015 -0.9998079 0 -0.01960015 -0.9998079 0 -0.01960015 0 0.9115 -0.4113 0 0.9115 -0.4113 0 0.9115 -0.4113 0 0.9115 -0.4113 0.4113 0.9115 0 0.4113 0.9115 0 0.4113 0.9115 0 0.4113 0.9115 0 0 0.9115 0.4113 0 0.9115 0.4113 0 0.9115 0.4113 0 0.9115 0.4113 0.2483053 0.2257048 0.94202 -0.6676716 0.6676716 0.329286 -0.0967033 0.9596327 0.264109 0.3527855 0.2782885 0.8933632 0 -1 0 0 -1 0 0 -1 0 0 -1 0 0 -1 0 0 -1 0 0 -1 0 0 -1 0 0 -1 0 0 -1 0 0 -1 0 0 -1 0 0 -1 0 0 -1 0 0 -1 0 0 -1 0 0 -1 0 0 -1 0 0 -1 0 0 -1 0 0 -1 0 0 -1 0 0 -1 0 0 -1 0 0 -1 0 0 -1 0 0 -1 0 0 -1 0 0 -1 0 0 -1 0 0 -1 0 0 -1 0 0 -1 0 0 -1 0 0 -1 0 0 -1 0 0 -1 0 0 -1 0 0 -1 0 0 -1 0 0 -1 0 0 -1 0 0 -1 0 0 -1 0 0 -1 0 0 -1 0 0 -1 0 -0.3535899 0.7070798 0.6123825 0 0.7071068 0.7071068 0 0.7071068 0.7071068 -0.3535899 0.7070798 0.6123825 -0.6123825 0.7070798 0.3535899 -0.6123825 0.7070798 0.3535899 -0.7071068 0.7071068 0 -0.7071068 0.7071068 0 -0.6123825 0.7070798 -0.3535899 -0.6123825 0.7070798 -0.3535899 -0.3535899 0.7070798 -0.6123825 -0.3535899 0.7070798 -0.6123825 0 0.7071068 -0.7071068 0 0.7071068 -0.7071068 0.3535899 0.7070798 -0.6123825 0.3535899 0.7070798 -0.6123825 0.6123825 0.7070798 -0.3535899 0.6123825 0.7070798 -0.3535899 0.7071068 0.7071068 0 0.7071068 0.7071068 0 0.6123825 0.7070798 0.3535899 0.6123825 0.7070798 0.3535899 0.3535899 0.7070798 0.6123825 0.3535899 0.7070798 0.6123825 0 0.7071068 0.7071068 0 0.7071068 0.7071068 0 -1 0 0 -1 0 0 -1 0 0 -1 0 0 -1 0 0 -1 0 0 -1 0 0 -1 0 0 -1 0 0 -1 0 0 -1 0 0 -1 0 0 -1 0 0 -1 0 0 -1 0 0 -1 0 0 -1 0 0 -1 0 0 -1 0 0 -1 0 0 -1 0 0 -1 0 0 -1 0 0 -1 0 0 -1 0 0 -1 0 0.1746068 -0.9846383 0 0.1746068 -0.9846383 0 0.1746068 -0.9846383 0 0.1746068 -0.9846383 0 0 -0.9846383 0.1746068 0 -0.9846383 0.1746068 0 -0.9846383 0.1746068 0 -0.9846383 0.1746068 -0.7140228 0 -0.7001224 -0.7140228 0 -0.7001224 -0.7140228 0 -0.7001224 -0.7140228 0 -0.7001224 -0.7140228 0 0.7001224 -0.7140228 0 0.7001224 -0.7140228 0 0.7001224 -0.7140228 0 0.7001224 -0.7001224 0 -0.7140228 -0.7001224 0 -0.7140228 -0.7001224 0 -0.7140228 -0.7001224 0 -0.7140228 0.7001224 0 -0.7140228 0.7001224 0 -0.7140228 0.7001224 0 -0.7140228 0.7001224 0 -0.7140228 0.3535899 -0.7070798 0.6123825 0 -0.7071068 0.7071068 0 -0.7071068 0.7071068 0.3535899 -0.7070798 0.6123825 0.6123825 -0.7070798 0.3535899 0.6123825 -0.7070798 0.3535899 0.7071068 -0.7071068 0 0.7071068 -0.7071068 0 0.6123825 -0.7070798 -0.3535899 0.6123825 -0.7070798 -0.3535899 0.3535899 -0.7070798 -0.6123825 0.3535899 -0.7070798 -0.6123825 0 -0.7071068 -0.7071068 0 -0.7071068 -0.7071068 -0.3535899 -0.7070798 -0.6123825 -0.3535899 -0.7070798 -0.6123825 -0.6123825 -0.7070798 -0.3535899 -0.6123825 -0.7070798 -0.3535899 -0.7071068 -0.7071068 0 -0.7071068 -0.7071068 0 -0.6123825 -0.7070798 0.3535899 -0.6123825 -0.7070798 0.3535899 -0.3535899 -0.7070798 0.6123825 -0.3535899 -0.7070798 0.6123825 0 -0.7071068 0.7071068 0 -0.7071068 0.7071068 0.9659289 0 -0.2588077 0.9659289 0 -0.2588077 0.9659289 0 -0.2588077 0.9659289 0 -0.2588077 -0.1746068 -0.9846383 0 -0.1746068 -0.9846383 0 -0.1746068 -0.9846383 0 -0.1746068 -0.9846383 0 0 -0.9846383 -0.1746068 0 -0.9846383 -0.1746068 0 -0.9846383 -0.1746068 0 -0.9846383 -0.1746068 -0.07189573 -0.8346503 0.5460675 0 -1 0 -0.1218001 -0.3594002 0.9252006 -0.1294017 0.1294017 0.9831126 -0.7001224 0 0.7140228 -0.7001224 0 0.7140228 -0.7001224 0 0.7140228 -0.7001224 0 0.7140228 0.1218001 -0.3594002 0.9252006 0 -1 0 0.07190173 -0.83462 0.5461131 0.1294017 0.1294017 0.9831126 0.7001224 0 0.7140228 0.7001224 0 0.7140228 0.7001224 0 0.7140228 0.7001224 0 0.7140228 -0.9252006 -0.3594002 -0.1218001 -0.9831126 0.1294017 -0.1294017 -0.5460675 -0.8346503 -0.07189573 0 -1 0 -0.5460675 -0.8346503 0.07189573 -0.9831126 0.1294017 0.1294017 -0.9252006 -0.3594002 0.1218001 0 -1 0 -0.1218001 -0.3594002 -0.9252006 0 -1 0 -0.07189573 -0.8346503 -0.5460675 -0.1294017 0.1294017 -0.9831126 0.07189573 -0.8346503 -0.5460675 0 -1 0 0.1218001 -0.3594002 -0.9252006 0.1294017 0.1294017 -0.9831126 0.9252006 -0.3594002 -0.1218001 0 -1 0 0.5460675 -0.8346503 -0.07189573 0.9831126 0.1294017 -0.1294017 0.5460675 -0.8346503 0.07189573 0 -1 0 0.9252006 -0.3594002 0.1218001 0.9831126 0.1294017 0.1294017 0.7140228 0 -0.7001224 0.7140228 0 -0.7001224 0.7140228 0 -0.7001224 0.7140228 0 -0.7001224 0.7140228 0 0.7001224 0.7140228 0 0.7001224 0.7140228 0 0.7001224 0.7140228 0 0.7001224 0.7071068 0 -0.7071068 0.7071068 0 -0.7071068 0.500011 0 -0.8660191 0.500011 0 -0.8660191 0 0 -1 0 0 -1 0 0 -1 0 0 -1 -0.500011 0 -0.8660191 -0.500011 0 -0.8660191 -0.8660191 0 -0.500011 -0.8660191 0 -0.500011 -1 0 0 -1 0 0 -0.8660191 0 0.500011 -0.8660191 0 0.500011 -0.500011 0 0.8660191 -0.500011 0 0.8660191 0 0 1 0 0 1 0.2588077 0 0.9659289 0.2588077 0 0.9659289 -0.7003915 -0.7002915 0.1379983 -0.7058088 -0.6950086 0.1371017 -0.7058088 -0.6950086 0.1371017 -0.7003309 -0.7003309 0.1381061 -0.671219 0.670619 0.315809 -0.7044779 0.6412799 0.3040905 -0.7039067 0.6418061 0.3043029 -0.6708978 0.6708978 0.315899 0.6711842 0.6702843 0.3165926 0.704184 0.6418854 0.3034931 0.7038757 0.6421779 0.3035896 0.6706868 0.6706868 0.3167938 0.7004011 -0.7003011 0.1379002 0.7058983 -0.6948984 0.1371997 0.7057992 -0.6949992 0.1371998 0.7003521 -0.7003521 0.1378906 -0.1379983 -0.7002915 -0.7003915 -0.1371017 -0.6950086 -0.7058088 -0.1371017 -0.6950086 -0.7058088 -0.1381061 -0.7003309 -0.7003309 -0.315809 0.670619 -0.671219 -0.3040905 0.6412799 -0.7044779 -0.3043029 0.6418061 -0.7039067 -0.315899 0.6708978 -0.6708978 -0.3165926 0.6702843 0.6711842 -0.3034931 0.6418854 0.704184 -0.3035896 0.6421779 0.7038757 -0.3167938 0.6706868 0.6706868 -0.1379002 -0.7003011 0.7004011 -0.1371997 -0.6948984 0.7058983 -0.1371998 -0.6949992 0.7057992 -0.1378906 -0.7003521 0.7003521 -0.6711842 0.6702843 -0.3165926 -0.704184 0.6418854 -0.3034931 -0.7038757 0.6421779 -0.3035896 -0.6706868 0.6706868 -0.3167938 -0.7004011 -0.7003011 -0.1379002 -0.7058983 -0.6948984 -0.1371997 -0.7057992 -0.6949992 -0.1371998 -0.7003521 -0.7003521 -0.1378906 0.7003915 -0.7002915 -0.1379983 0.7058088 -0.6950086 -0.1371017 0.7058088 -0.6950086 -0.1371017 0.7003309 -0.7003309 -0.1381061 0.671219 0.670619 -0.315809 0.7044779 0.6412799 -0.3040905 0.7039067 0.6418061 -0.3043029 0.6708978 0.6708978 -0.315899 0.3165926 0.6702843 -0.6711842 0.3034931 0.6418854 -0.704184 0.3035896 0.6421779 -0.7038757 0.3167938 0.6706868 -0.6706868 0.1379002 -0.7003011 -0.7004011 0.1371997 -0.6948984 -0.7058983 0.1371998 -0.6949992 -0.7057992 0.1378906 -0.7003521 -0.7003521 0.1379983 -0.7002915 0.7003915 0.1371017 -0.6950086 0.7058088 0.1371017 -0.6950086 0.7058088 0.1381061 -0.7003309 0.7003309 0.315809 0.670619 0.671219 0.3040905 0.6412799 0.7044779 0.3043029 0.6418061 0.7039067 0.315899 0.6708978 0.6708978 0 1 0 -0.3456906 0.9168751 0.1995946 -0.1995946 0.9168751 0.3456906 0 0.9168696 0.3991868 -0.3991868 0.9168696 0 0.1995946 0.9168751 0.3456906 -0.3456906 0.9168751 -0.1995946 0.3456906 0.9168751 0.1995946 -0.1995946 0.9168751 -0.3456906 0.3991868 0.9168696 0 0 0.9168696 -0.3991868 0.3456906 0.9168751 -0.1995946 0.1995946 0.9168751 -0.3456906  
					<SubMeshes>: 1
						<SubMesh>: 0 1626 0 1 2 3 4 5 6 7 8 9 10 11 12 11 13 14 15 16 17 18 19 17 20 18 21 20 17 20 22 18 21 23 20 24 23 21 20 25 22 23 25 20 25 26 22 25 27 26 27 28 26 23 29 25 29 27 25 24 30 23 30 29 23 27 31 28 31 32 28 24 33 30 24 34 33 30 33 35 30 35 36 30 36 29 36 35 37 29 38 27 36 38 29 38 31 27 36 37 39 36 39 38 39 37 40 31 41 32 41 42 32 38 43 31 39 43 38 43 41 31 39 40 44 39 44 43 44 40 45 41 46 42 46 47 42 43 48 41 44 48 43 48 46 41 44 45 49 44 49 48 49 45 50 46 51 47 51 52 47 48 53 46 49 53 48 53 51 46 49 50 54 49 54 53 54 50 55 51 56 52 56 57 52 53 58 51 54 58 53 58 56 51 54 55 59 54 59 58 59 55 60 56 61 57 61 62 57 58 63 56 59 63 58 63 61 56 59 60 64 59 64 63 64 60 65 61 66 62 66 67 62 63 68 61 64 68 63 68 66 61 64 65 69 64 69 68 69 65 70 66 71 67 71 72 67 71 73 72 68 74 66 69 74 68 74 71 66 69 70 75 69 75 74 75 70 76 77 73 71 74 77 71 75 77 74 77 78 73 75 76 79 75 79 77 79 78 77 79 76 80 79 81 78 79 80 81 82 83 84 82 84 85 85 84 86 85 86 87 88 89 90 88 90 91 91 90 92 91 92 93 94 95 96 94 96 97 98 99 100 98 101 99 102 101 98 99 101 103 99 103 104 99 104 105 104 103 106 103 101 107 103 107 108 107 101 109 110 111 112 112 111 113 112 113 114 114 113 115 114 115 116 113 111 117 117 111 118 117 118 119 118 120 119 119 120 121 121 120 122 119 121 123 121 124 123 121 125 124 126 127 128 126 129 127 130 129 126 131 127 129 132 127 131 131 129 133 130 134 129 133 129 134 135 134 130 135 136 134 133 134 137 137 134 136 137 136 138 137 138 139 137 139 140 141 142 143 141 143 144 145 146 147 148 147 146 148 146 149 150 151 149 150 152 151 153 151 152 153 154 151 155 154 153 151 154 156 156 154 157 156 157 158 157 159 158 158 159 160 158 160 161 160 159 162 163 164 165 166 165 164 166 164 167 168 169 167 168 170 169 171 169 170 171 172 169 173 172 171 169 172 174 174 172 175 174 175 176 175 177 176 176 177 178 178 177 179 176 178 180 180 178 181 180 181 182 183 184 182 185 182 184 185 184 186 187 188 189 187 189 190 191 192 193 191 193 194 195 196 197 195 197 198 199 200 201 199 201 202 203 204 205 203 205 206 207 208 209 207 209 210 211 212 213 211 213 214 215 216 217 215 217 218 219 220 221 219 221 222 223 224 225 223 225 226 227 228 229 227 229 230 230 229 231 230 231 232 232 231 233 232 233 234 235 236 237 235 237 238 238 237 239 238 239 240 241 242 243 241 243 244 245 246 247 245 247 248 249 250 251 251 250 252 251 252 253 254 253 252 254 252 255 252 250 256 256 250 257 256 257 258 257 259 258 258 259 260 260 259 261 258 260 262 260 263 262 260 264 263 265 266 255 265 267 266 268 266 267 269 270 271 269 272 270 273 272 269 273 274 272 275 274 273 275 276 274 277 276 275 277 278 276 279 278 277 279 280 278 281 280 279 281 282 280 283 282 281 283 284 282 285 284 283 285 286 284 287 286 285 287 288 286 289 288 287 289 290 288 291 290 289 291 292 290 293 292 291 293 294 292 295 296 297 295 298 296 299 298 295 300 296 298 301 296 300 301 300 302 300 298 303 299 304 298 303 298 304 305 304 299 303 304 306 305 307 304 306 304 307 308 307 305 308 309 307 310 309 308 310 311 309 312 311 310 312 313 311 314 311 313 314 313 315 314 315 316 314 316 317 318 311 314 318 309 311 319 309 318 319 307 309 320 307 319 306 307 320 306 320 321 306 321 322 323 324 325 323 326 324 327 324 326 327 326 328 327 328 329 327 329 330 331 324 327 331 332 324 333 332 331 333 334 332 335 334 333 336 332 334 336 334 337 338 339 340 338 341 339 342 341 338 342 343 341 344 345 346 344 346 347 348 349 350 348 350 351 352 353 354 352 354 355 356 357 358 356 358 359 360 361 362 360 362 363 364 365 366 364 366 367 368 369 370 368 370 371 372 373 374 372 375 373 372 376 375 377 376 372 377 378 376 379 378 377 379 380 378 380 379 381 382 383 381 384 381 383 384 383 385 386 384 385 386 385 387 386 388 384 389 388 386 389 390 388 391 390 389 391 392 390 392 391 393 394 393 395 394 396 393 397 396 394 398 399 400 399 398 401 399 401 402 402 401 403 402 403 404 404 403 405 404 405 406 404 406 407 406 405 408 408 405 409 408 409 410 405 411 409 411 405 412 411 412 413 413 412 414 413 414 415 415 414 416 415 416 417 415 417 418 419 420 421 419 421 422 423 419 422 423 422 424 425 423 424 425 424 426 427 425 426 427 426 428 429 427 428 429 428 430 431 429 430 431 430 432 433 431 432 433 432 434 435 433 434 435 434 436 437 435 436 437 436 438 439 437 438 439 438 440 441 439 440 441 440 442 443 441 442 443 442 444 445 446 447 445 448 446 449 448 445 449 450 448 451 450 449 451 452 450 453 452 451 453 454 452 455 454 453 455 456 454 457 456 455 457 458 456 459 458 457 459 460 458 461 460 459 461 462 460 463 462 461 463 464 462 465 464 463 465 466 464 467 466 465 467 468 466 469 468 467 469 470 468 471 472 473 471 473 474 475 476 477 475 477 478 479 480 481 479 481 482 483 484 485 483 485 486 487 488 489 487 489 490 491 492 493 491 493 494 495 496 497 495 497 498 499 495 498 499 498 500 501 499 500 501 500 502 503 501 502 503 502 504 505 503 504 505 504 506 507 505 506 507 506 508 509 507 508 509 508 510 511 509 510 511 510 512 513 511 512 513 512 514 515 513 514 515 514 516 517 515 516 517 516 518 519 517 518 519 518 520 521 522 523 521 523 524 525 526 527 525 527 528 529 530 531 529 531 532 533 534 535 533 535 536 537 538 539 537 539 540 541 542 543 541 543 544 545 546 547 545 547 548 549 550 551 549 551 552 553 554 555 553 555 556 557 558 559 557 559 560 561 562 563 561 563 564 565 566 567 565 567 568 569 570 571 569 571 572 573 574 575 573 575 576 577 578 579 577 579 580 581 582 583 581 583 584 584 583 585 584 585 586 587 588 589 587 589 590 590 589 591 590 591 592 592 591 593 592 593 594 594 593 595 594 595 596 596 595 597 596 597 598 598 597 599 598 599 600 600 599 601 600 601 602 603 604 605 603 605 606 607 608 609 607 609 610 611 612 613 611 613 614 615 616 617 615 617 618 619 620 621 619 621 622 623 624 625 623 625 626 627 628 629 627 629 630 631 632 633 631 633 634 635 636 637 635 637 638 639 640 641 639 641 642 643 644 645 643 645 646 647 648 649 647 649 650 651 652 653 651 653 654 655 656 657 655 657 658 659 660 661 659 661 662 663 664 665 663 665 666 667 668 669 667 669 670 667 671 668 667 670 672 667 673 671 667 672 674 667 675 673 667 674 676 667 677 675 667 676 678 667 679 677 667 678 679  
				</Mesh>
				<Materials>: 1
					<Material>: 0
						<AlbedoColor>: 1 1 1 1
						<EmissiveColor>: 0 0 0 1
						<Glossiness>: 0.5
						<Metallic>: 0
						<SpecularHighlight>: 1
						<GlossyReflection>: 1
				</Materials>
				<Children>: 0
			</Frame>
			<Frame>: 2 fire
				<Transform>: 0 0 0.1 -1.866934E-05 180 180 1 1 1 1 0 0 -1.629207E-07  
				<TransformMatrix>: 1 0 0 0 0 -1 -3.258414E-07 0 0 3.258414E-07 -1 0 0 0 0.1 1  
				<Children>: 0
			</Frame>
			<Frame>: 3 smoke
				<Transform>: 0 0 0 0 180 180 1 1 1 1 -1.629207E-07 -1.629207E-07 2.654315E-14  
				<TransformMatrix>: 1 -3.258414E-07 -3.258414E-07 0 -3.258414E-07 -1 1.061726E-13 0 -3.258414E-07 0 -1 0 0 0 0 1  
				<Children>: 0
			</Frame>
	</Frame>
</Hierarchy>
